8.34,40.77,1010.84,90.01,480.48
23.64,58.49,1011.4,74.2,445.75
29.74,56.9,1007.15,41.91,438.76
19.07,49.69,1007.22,76.79,453.09
11.8,40.66,1017.13,97.2,464.43
13.97,39.16,1016.05,84.6,470.96
22.1,71.29,1008.2,75.38,442.35
14.47,41.76,1021.98,78.41,464
31.25,69.51,1010.25,36.83,428.77
6.77,38.18,1017.8,81.13,484.31
28.28,68.67,1006.36,69.9,435.29
22.99,46.93,1014.15,49.42,451.41
29.3,70.04,1010.95,61.23,426.25
8.14,37.49,1009.04,80.33,480.66
16.92,44.6,1017.34,58.75,460.17
22.72,64.15,1021.14,60.34,453.13
18.14,43.56,1012.83,47.1,461.71
11.49,44.63,1020.44,86.04,471.08
9.94,40.46,1018.9,68.51,473.74
23.54,41.1,1002.05,38.05,448.56
14.9,52.05,1015.11,77.33,464.82
33.8,64.96,1004.88,49.37,427.28
25.37,68.31,1011.12,70.99,441.76
7.29,41.04,1024.06,89.19,474.71
13.55,40.71,1019.13,75.44,467.21
6.39,35.57,1025.53,77.23,487.69
26.64,62.44,1011.81,72.46,438.67
7.84,41.39,1018.21,91.92,485.66
21.82,58.66,1011.71,64.37,452.16
27.17,67.45,1015.67,49.03,429.87
13.42,41.23,994.17,95.79,468.82
20.77,56.85,1012.4,83.63,442.85
8.29,36.08,1020.38,81.53,483.26
30.98,67.45,1015.18,45.4,433.59
31.96,71.29,1008.39,47.51,433.04
15.83,52.75,1024.3,58.34,458.6
22.56,70.79,1005.85,93.09,435.14
25.91,75.6,1018.23,62.65,443.2
8.24,39.61,1017.99,78.42,477.9
24.66,60.29,1018,59.56,445.26
29.31,68.67,1006.18,63.38,435.57
21.48,66.91,1008.58,84.49,447.42
18.28,44.71,1016.99,33.71,462.28
26.96,65.34,1015.05,46.93,441.81
16.01,65.46,1014,87.68,454.16
27.37,63.73,1009.79,65.25,437.24
16.3,39.63,1004.64,85.61,464.11
23.8,48.6,1002.43,67.32,440.89
8.19,41.66,1016.57,75.38,485.2
25.28,67.69,1009.05,68.54,445.34
21.47,70.32,1011.72,88.36,440
30.54,67.45,1014.37,32.97,431.35
18.3,44.06,1017.95,63.24,456.32
25.82,72.39,1003.4,86.33,432.98
31.12,69.13,1009.61,56.54,429.41
15.99,39.63,1006.09,89.92,464.95
8.42,42.28,1008.4,87.78,481.91
23.7,69.23,1011.73,73.18,437.15
15.71,40.12,1012.81,97.46,462.6
29.11,74.9,1003.31,74.01,432.43
23.73,61.02,1009.71,78.7,442.22
28.26,65.34,1014.56,43.4,441.03
15.92,41.2,1016.04,73.37,468.91
33.4,70.8,1009.17,57.01,432.46
31.92,68.3,1015.58,41.55,430.07
26.87,74.99,1002.48,71.91,437.78
5.23,40.78,1025.13,92.74,483.12
15.72,41.76,1023.07,66.95,462.19
17.74,50.88,1015.56,89.78,457.71
27.13,59.54,1004.33,73.27,438.32
25.82,66.49,1013.2,60.32,434.35
34.2,68.14,1002.7,56.09,427.05
19.13,68.61,1010.65,94.92,448.69
11.77,41.06,1021.45,76.63,475.88
10.25,41.46,1018.67,84.41,479.28
23.82,48.92,1010.48,44.45,446.85
30.1,66.25,1009.38,65.41,434.99
29.92,69.75,1009.12,67.15,441.5
29.63,66.75,1018.08,58.46,433.26
30.61,77.17,1009.49,73.19,430.46
16.18,50.88,1014.06,100.09,455.14
31.66,73.91,1004.49,68.13,431.26
29.14,61.5,1009.64,39.95,437.76
18.4,43.96,1012.4,77.81,464.63
15.86,38.62,1016.65,67.51,462.58
6.31,42.07,1004.61,77.74,483.27
23.4,72.99,1009.48,88.82,438.51
33.62,77.17,1009.38,63.71,431.03
6.89,43.65,1019.87,72.77,484
27.41,69.98,1008.51,65.49,431.64
26.37,54.5,1014.48,66.31,451.78
26.58,59.39,1014.49,65.87,439.46
15.25,43.02,1012.04,41.43,467.23
21.24,41.67,1012.6,49.27,459.81
24.98,58.05,1011.69,69.97,447.15
26.63,64.44,1012.66,61.19,442
18.87,52.08,1005.25,99.19,449.61
5.12,40.78,1025.45,96.88,481.28
31.1,71.32,1008.09,45.87,437.54
7.91,39.96,1023.57,88.44,475.52
14.97,58.2,1019.52,81.13,458.68
28.92,61.02,1011.19,56.13,436.76
22.92,61.9,1013.27,78.32,446.08
12.55,38.91,1012.58,75.44,474.35
9.38,41.44,1015.09,86.8,481.96
10.28,41.46,1018.44,85.23,479.66
30.31,77.24,1008.02,67.84,435.28
25.34,71.06,1007.74,92.52,434.86
30.47,70.02,1009.65,62.03,435.72
20.18,56.53,1020.3,77.1,454.14
21.31,46.97,1014.08,62.57,455.76
22.1,74.87,1009.4,85.78,442.83
20.09,63.94,1020.82,74.16,449.47
22.36,58.79,1016.69,73.6,445.76
9.43,37.14,1013.03,74.99,473.57
28.86,49.3,1003.93,52.85,435.75
23.25,70.32,1009.28,86.52,437.96
22.7,60.84,1019.15,71.48,438.59
21.3,59.39,1013.83,84.53,444.21
19.94,44.9,1008.52,74.69,459.47
14.97,43.67,1011.13,87.33,465.54
13.83,40.78,1024.85,73.08,458.85
23.39,71.25,1005.22,93.7,435.68
21.48,47.43,1006.88,63.54,449.2
22.63,58.41,1013.69,90.32,445.43
20.01,45.09,1014.21,38.19,453.96
20.52,43.79,1015.9,68.1,463.93
13.58,49.83,1008.9,86.8,465.82
14.38,44.84,1024.59,81.68,471.6
28.53,69.84,1004.46,68.03,427.72
13.89,35.71,1016.4,65.49,468.54
25.93,69.34,1008.91,79.43,434.08
17.84,61.27,1020.1,70.68,454.57
6.28,41.06,1020.96,90.91,489.79
8.16,39.64,1011.21,85.56,481.78
18.61,67.71,1004.07,84.49,443.57
16.23,43.72,1009.96,83.01,457.9
8.66,41.01,1022.51,98.55,472.16
19.53,66.54,1013.72,81.46,451.19
10.17,40.46,1018.54,68.21,470.33
6.48,40.27,1010.55,82.12,486.68
12.69,40.75,1016.05,82.92,472.68
23.77,61.87,1009.8,54.83,445.72
14.43,43.5,1021.86,83.14,466.58
28.25,57.19,1007.99,67.9,436.99
12.26,39.96,1011.79,79.06,470.87
14.55,42.74,1027.29,66.64,457.77
24.57,51.95,1005.8,70.07,448.15
10.25,41.26,1007.44,98.08,476.03
21.96,51.43,1007.28,89.96,442.87
9.82,39.64,1010.79,69.22,477.93
18.58,44.6,1016.61,48.15,459.06
20.57,44.9,1008.39,62.69,456.18
8.61,41.04,1024.81,95.6,473.62
9.99,43.52,1022.95,99.67,473.64
13.97,52.05,1012.05,85.36,463.64
16.76,43.67,1011.27,70.55,462.44
25.58,47.01,1014.5,63.53,454.39
17.34,46.48,1007.18,83.15,452.06
19.13,66.86,1012.95,71.24,453.31
12.75,40.64,1020.44,83.17,466.93
29.46,49.3,1003.88,54.1,436.37
15.59,52.75,1024.3,59.93,458.87
14.2,43.02,1012.18,57.07,470.67
14.05,40.35,1011.52,66.21,475.54
32.35,77.95,1014.76,60.88,432.72
21.41,56.9,1007.03,79.41,441.41
10.61,37.5,1008.8,100.13,472.9
19.13,40.79,1004.47,91.7,457.83
17.28,44.06,1018.15,66.93,462.05
24.79,50.78,1008.78,61.88,445.3
28.66,50.05,1006.08,47.74,435.94
12.91,41.16,1011.9,89.19,472.71
17.32,43.7,1015.13,61.66,464.5
18.74,59.21,1018.3,91.55,449.77
26.69,70.36,1006.82,68.29,435.04
12.28,40.55,1005.72,98.56,472.47
14.46,44.78,1007.64,67.03,459.31
30.54,70.17,999.42,64.32,434.62
27.58,66.48,1004.82,51.23,435.34
32.17,73.21,1001.43,69.86,430.64
26.23,59.87,1012.93,66.62,447.16
11.69,35.76,1019.02,55.6,471.72
14.73,39.82,1012.67,80.82,470.41
12.36,48.04,1012.8,93.59,468.37
9.52,40.96,1023.48,86.49,483.59
27.32,73.42,1012.07,86.3,432.74
23.81,73.17,1012.13,86.13,438.11
7.92,42.28,1008.55,81.68,484.75
23.58,58.82,1009.68,81.38,445.01
20.78,60.84,1018.66,80.4,445.82
19.68,68.28,1002.62,71.57,452.47
14.12,40.92,1022.46,73.28,459.76
22.97,62.4,1010.25,75.18,445.3
6.89,39.37,1020.21,74.17,486.9
19.98,56.53,1020.22,73.53,454.89
21.71,60.27,1015.74,89.76,441.19
23.02,59.21,1011.74,83.18,440.5
27.71,69.51,1009.65,58.38,435.04
10.46,37.5,1013.12,76.74,472.16
27.18,62.66,1009.89,52.83,442.16
25.56,50.05,1005.67,69.29,442.49
19.69,39.72,1001.49,60.34,456.55
31.37,76.86,997.34,62.94,431.03
14.17,41.67,1013.4,72.77,471.42
15.6,43.71,1024.88,80.37,463.34
25.3,71.58,1010.18,87.36,433.97
7.09,39.37,1020.07,73.26,487
6.07,41.14,1027.57,86.98,480.19
9.86,38.38,1018.22,85.35,479.56
14.73,40.35,1011.15,65.2,470.03
31.32,74.33,1012.92,36.48,429.57
6.14,38.5,1012.4,75.35,489.26
27.92,69.23,1013.21,44.43,435.62
25.63,58.86,1014.86,52.75,443.84
16.37,36.99,1006.37,90.11,463.76
28.31,65.71,1014.67,59.29,447.26
24.44,69.84,1005.34,80.37,430.3
11.33,41.5,1013.58,88.7,475.01
23.87,63.94,1019.02,44.28,445.11
21.14,48.78,1020.39,86.2,450.35
22.24,60.07,1015.93,62.25,446.14
23.07,70.47,1008.64,83.37,439.04
25.95,59.14,1016.42,67.03,438.46
16.44,43.96,1013.66,76.31,468.57
20.66,41.54,1014.68,79.7,461.55
15.01,39.52,1017.53,72,468.02
20.51,63.86,1020.65,75.36,447.18
24.1,52.84,1006.47,47.58,444.69
9.38,40.46,1019.29,75.77,474.1
27.49,71.94,1008.25,68.29,428.27
32.84,68.14,1003.59,43.88,425.18
20.83,44.78,1008.51,35.9,460.6
28.69,67.25,1017.71,44.6,436.21
9.35,44.03,1011.02,88.11,476.25
17.37,41.23,998.79,68.44,461.08
14.84,41.48,1017.26,63.42,460.3
27.88,68.94,1007.68,75.68,435.04
17.83,43.72,1008.64,78.72,453.86
7.64,42.28,1008.46,84.29,484.78
25.67,74.78,1010.24,68.87,440.48
23.1,51.3,1011.93,80.05,452.17
27.13,69.45,1013.9,51.16,434.47
26.95,70.8,1009.73,82.95,436.8
19.4,42.44,1013.19,58.63,459.76
13.5,44.92,1023.87,87.17,468.85
11.97,41.04,1026.42,70.75,468.81
18.11,58.95,1016.61,89.17,454.29
24.1,71.29,1007.96,67.56,442.8
20.29,65.27,1013.17,74.94,445.52
21.82,65.27,1013.86,72.81,447.43
29.45,75.6,1018.12,50.68,437.31
10.87,38.38,1020.85,69.78,477.03
17.36,39.53,1008.28,68.87,456.57
24.97,58.95,1017.19,56.24,440.03
13.72,45.09,1012.95,87.41,466.24
26.49,61.86,1012.55,74.24,440.21
8.25,41.26,1020.59,91.84,475.17
12.8,44.9,1007.58,66.6,466.95
17.08,40.12,1012.17,81.5,457.81
31.4,71.06,1008.44,74.77,433.34
8.26,44.71,1020.85,68.82,485.19
21.22,59.15,1014.68,59.71,450.96
26.1,62.91,1012.44,60.91,446.05
19.91,51.19,1008,90.23,449.23
14.56,40.69,1015.48,73.73,469.31
10.22,41.74,1022.65,83.58,479.01
29.12,67.83,1008.05,46.86,432.46
16.97,39.16,1005.7,69.13,458.59
26.19,49.3,1003.69,65.88,440.13
23.65,66.05,1019.6,78.21,442.9
29.53,70.94,1007.22,70.68,432.43
19.69,56.65,1020.84,72.14,455.07
33.71,69.98,1013.09,42.62,431.99
32.14,75.08,1005.35,49.92,439.22
29.28,77.17,1009.4,76.3,433.14
7.01,37.8,1021.47,62.84,483.95
30.47,68.24,1009.55,64.98,427.94
29.13,47.93,1002.5,49.1,435.61
11.86,39.85,1013,66.92,478.29
26.16,52.36,1013.62,58.52,453.08
10.56,39.13,1010.19,87.12,463.14
8.58,40.72,1022.04,87.55,480.96
14.26,40.92,1022.07,73.96,460.38
23.48,73.67,1007.07,88.49,437.19
5.54,45.87,1008.69,95.91,478.02
16.98,43.99,1021.65,81.17,456.07
30.08,67.25,1017.6,53.09,434.01
10.63,39.61,1020,72.42,476.99
30.36,74.87,1008.96,61.87,435.31
29.56,70.4,1006.49,82.95,432.85
19.94,56.53,1020.48,76.43,453.8
27.55,64.96,999.73,57.34,431.33
31.44,79.74,1006.95,56.99,431.69
25.35,74.33,1015.29,77.84,435.66
4.11,38.44,1015.9,81.79,488.05
30.59,70.04,1010.28,50.56,429.13
14.04,48.79,1017.62,75.25,464.09
15.47,44.9,1021.59,81.74,465.61
8.67,40.77,1011.81,89.4,479.23
10.53,37.5,1008.55,99.91,472.32
7.99,41.38,1021.95,78.77,487.57
22.29,45.01,1012.4,51.58,449.08
9.06,36.3,1015.14,58.71,477.38
10.05,37.14,1012.64,75.97,474.16
20.07,49.21,1012.34,56.8,454.25
30.65,71.98,1004.92,63.39,429.85
14.38,40.73,1017.48,90.64,462.98
27.76,71.97,1008.53,86.97,434.04
16.7,40.56,1019.04,50.9,470.84
5.35,35.57,1027.12,80.81,488.65
11.57,41.38,1021.71,61.49,473.94
30.57,73.03,1013.75,73.68,437.42
16,40.66,1016.12,89.23,457.12
15.6,41.04,1025.48,64.43,457.49
22.12,47.93,1005.5,84.47,443.41
21.33,58.46,1016.17,79.73,445.27
23.65,59.92,1010.19,89.53,436.74
6.8,39.37,1020.24,73.29,487.33
31.35,71.32,1005.99,62.35,434.43
23.99,68.12,1012.92,70.68,437.14
26.53,54.2,1012.9,66.73,439.96
31.59,62.7,1009.3,50.16,442.58
24.06,69.94,1005.47,60.46,436.88
27.28,44.89,1009.02,49.9,441.94
23.69,71.97,1009.62,93.03,438.62
11.46,39.1,1010.17,100.15,470.55
22.61,49.3,1003.51,83.02,441.76
21.84,45.09,1013.94,46.11,450.88
9.2,39.82,1013.19,91.25,482.89
17.75,49.25,1020.86,63.67,454.41
7.53,43.65,1018.58,64.85,479.15
16.76,45.09,1014.28,57.71,458.67
22.69,65.12,1016.35,72.02,446.91
11.91,44.45,1021.39,84.49,466.52
26.63,61.47,1008.18,69,444.16
6.72,39.85,1011.84,84.66,489.09
9.44,43.99,1020.31,98.06,475.01
18.32,45,1022.67,46.38,471.43
18.31,62.1,1020.38,79.02,455.24
26.57,44.57,1007.76,50.39,445.49
34.33,69.05,1000.89,37.9,430.56
14.85,40.8,1025.38,53.29,471.78
29.33,64.84,1010.76,53.32,443.15
8.77,40.46,1019.68,77.84,475
11.35,38.91,1017.93,83.45,474.22
21.38,44.05,1005.69,81.66,445.71
4.88,40.27,1012.66,74.51,491.29
26.66,64.27,1012.83,58.88,437.87
13.04,45.09,1013,87.68,467.44
29.47,71.32,1008.07,67,437.14
18.91,56.9,1006.98,84.07,448.24
24.86,44.05,1005.69,66.65,447.2
9.42,41.4,1029.6,87.43,478.12
12.75,42.34,1018.17,94.67,465.44
21.32,49.02,1008.81,85.81,445.65
24.26,67.69,1008.48,66.74,437.4
20.01,43.77,1012.13,65.53,455.66
21.35,59.04,1012.28,95.71,445.83
17.43,63.09,1019.87,92.77,449.36
27.86,65.18,1012.87,55.53,436.26
20.74,59.8,1015.46,76.39,452.99
27.73,67.69,1007.47,59.42,431.72
9.53,41.44,1018.01,80.09,481.83
28.5,79.74,1006.75,87.09,433.08
21.39,52.3,1009.2,79.77,446.87
14.54,46.18,1015.29,94.48,463.03
28.01,65.34,1014.68,46.86,440.77
30.51,70.94,1007.64,59.42,430.91
21.63,60.84,1018.16,77.53,445.93
26.39,71.25,999.8,89.12,430.34
13.84,41.26,1020.92,74.74,462.46
17.27,43.52,1021.37,76.73,460.08
21.89,58.05,1011.31,85.71,441.76
24.02,64.63,1020.49,55.17,449.66
31.92,75.33,1001.81,61.97,436.38
12.97,49.83,1008.69,91.49,452.07
15.89,43.96,1014.02,75.24,467.35
9.25,41.26,1020.51,91.21,473.87
15.99,43.5,1021.34,73.22,460.7
9.06,39.66,1019.64,76.98,479.53
14.48,44.06,1018.73,75.88,467.46
27.15,59.21,1013.49,51.71,440.27
21.68,64.15,1021.09,70.88,454.32
28.16,61.47,1009.19,62.53,442.48
34.33,74.34,1001.74,42.75,435.76
31.98,64.05,1010.49,58.01,439.56
15.21,43.56,1012.92,56.61,467
13.56,42.34,1017.95,93.83,462.6
10.32,42.02,998.27,99.12,472.16
22.46,58.49,1011.5,70.54,448.46
29.3,68.08,1011.23,56.23,434.11
22.3,44.57,1008.48,67.58,449.74
21.91,70.32,1009.17,90.57,439.29
10.95,43.8,1022.61,63.46,473.2
24.96,68.12,1011.27,70.22,437.62
5.91,39.33,1010.18,95.53,491.49
5.25,40.07,1019.48,67.7,495.23
21.47,60.93,1006.46,87.83,442.75
10.16,39.3,1019.71,81.21,480.74
17.29,44.06,1016.24,77.56,461.38
17.46,40.22,1006.7,91.96,461.74
11.56,40.43,1025.48,74.75,489.54
7.51,41.01,1024.61,97.41,477.61
17.08,38.58,1015.41,73.42,461.49
9.27,42.02,1004.29,95.05,474.93
21.3,48.92,1010.92,65.09,447.89
8.51,40.81,1015.54,83.16,481.02
12.77,41.5,1014.13,86.8,470.68
25.04,65.48,1017.66,57.08,440.92
21.83,41.1,1001.91,41.79,453.38
15.92,41.79,1006.24,79.42,458.68
29.97,69.14,1007.92,66.74,433.82
9.8,41.82,1032.98,67.55,473.72
9.01,38.56,1016.67,63.61,482.37
24.71,61.9,1013.78,85.82,443.39
20.57,63.78,1016.76,74,449.93
24.32,65.48,1017.55,59.02,443.31
21.41,50.32,1008.61,84.47,443.63
27.09,59.15,1013.02,55.18,438.9
23.49,47.45,1008.46,66.18,446.72
20,63.31,1017.06,63.1,449.68
13.4,41.58,1020.5,71.17,461.54
23.6,60.08,1017.51,63.02,451.97
21.03,70.02,1010.21,95.69,444.53
5.15,45.87,1008.02,98.36,479.61
17.16,58.86,1016.4,86.39,453.76
24.59,71.94,1006.89,88.52,430.28
23.05,65.94,1010.99,69.73,442.39
10.48,37.5,1009.81,95.26,474.57
15.72,43.02,1011.98,45.74,466.33
25.56,70.32,1009.07,90.63,433.72
13.78,41.16,1021.65,75.77,460.44
29.35,69.04,1008.55,61.78,445.04
32.09,79.74,1006.92,61.5,432.85
25.16,77.3,1000.73,86.4,439.37
14.63,40,1018.03,63.4,457.09
5.7,40.35,1012.18,91.57,488.8
28.15,74.9,1003.67,76.32,433.63
22.3,57.19,1006.4,75.28,445.1
27.71,72.99,1007.18,72.68,433.01
23.09,45.01,1012.25,43.95,453.45
19.66,42.18,1001.51,95.75,454.46
10.02,52.75,1021.93,73.68,473.09
23.97,68.67,1006.63,76.83,441.53
7.82,38.91,1015.58,90.11,479.15
30.21,69.4,1003.69,62.89,438.18
24.12,62.44,1013.83,88.02,443.3
21.05,63.09,1016.49,91.23,447.45
13.93,40.24,1017.88,88.35,469.25
9.68,41.06,1022.75,87.44,476.67
17.48,49.39,1021.51,84.53,460.01
28.76,66.56,1006.07,62.41,432.3
19.21,53.16,1013.18,81.64,454.01
25.63,72.99,1008.2,86.8,436.64
20.36,66.05,1015.86,87.19,450.23
15.34,40.73,1018.03,86.19,458.55
9.55,40.72,1023.12,68.06,481.08
13.45,41.16,1022.04,82.96,460.57
10.8,39.58,1011.99,87.54,478.24
28.15,72.99,1007.62,70.03,431.83
15.42,40.56,1021.23,59.37,469.33
33.6,74.33,1012.31,35.66,428.62
30.92,78.05,1011,59.62,434.12
25.24,57.17,1010.44,74,442.77
13.6,41.2,1015.92,85.05,467.42
18.68,46,1002.2,97.17,447.8
22.43,69.84,1006.94,75.54,436.19
23.37,70.94,1008.01,81.28,441.56
19.62,43.56,1012.89,37.6,463.33
14.35,39.39,1012.92,82.41,470.53
24.88,63.91,1009.41,77.75,447.28
20.67,63.56,1013.27,79.39,450.7
34.11,73.56,1006.77,45.92,432.78
19.15,44.89,1009.6,74.52,451.09
24.96,70.47,1007.73,76.48,438.23
18.86,42.18,1001.16,98.58,457.07
25.1,60.37,1005.83,72.53,438.44
10.15,43.41,1018.4,82.07,473.43
26.53,65.18,1012.77,64.37,437.39
26.05,46.21,1011.31,55.25,450.86
25.45,74.33,1015.53,80.95,435.12
8.14,39.96,1023.41,88.86,477.05
31.95,67.17,1007.11,61.58,432.6
30.8,73.56,1007.39,75.78,432.43
7.69,43.02,1014.51,85.23,486.46
15.3,43.67,1011.75,95.31,468.14
27.12,70.32,1009.94,52.67,429.08
25.76,74.87,1010.18,65.15,443.7
10.28,39.64,1010.45,74.15,477.65
30.91,79.74,1006.92,56.32,433.84
24.22,61.86,1013.39,80.11,442.65
5.67,45.87,1008.91,93.29,478.44
22.96,68.61,1011.15,76.62,447.18
24.54,65.46,1014.27,40.77,446.26
11.32,36.18,1015.03,64.68,472.67
15.15,53.82,1016.34,62.59,461.6
23.53,50.05,1005.63,78.4,443.71
29.08,66.54,1004.67,64.5,430.16
20.42,60.77,1017.65,87.07,447.85
26.32,69.71,1009.39,67.05,441.25
21.89,74.93,1016.11,77.88,448.47
9.68,41.48,1018.24,71.04,473.31
16.73,54.3,1017.96,59.44,460.54
7.8,39.04,1018.46,66.5,482.31
23.29,65.61,1014.81,70.27,447.67
28.93,72.99,1007.23,64.41,434.45
16.75,42.23,1013.81,84.98,464.87
21.47,58.79,1017,76.97,446.33
25.98,68.12,1011.36,66.86,439
16.34,36.99,1006.99,90.06,466.24
25.23,69.34,1009.51,82.87,445.92
12.41,41.44,1015.46,76.9,472.06
24.2,60.77,1016.92,71.65,439.13
7.51,41.66,1015.9,78.31,485.58
31.53,70.94,1007.11,50.04,431.84
17.42,44.06,1016.63,82.15,456.57
6.92,39.61,1018.64,82.27,483.83
8.34,40.72,1023.62,83.75,483.14
32.07,67.83,1007.91,41.61,429.31
27.18,64.79,1016.27,63.7,443.87
9.24,41.4,1030.72,87.36,476.9
13.48,46.18,1018.15,88.38,464.58
22.74,61.02,1009.56,79.41,445.56
28.62,68.24,1010.15,69.31,428.08
25.11,62.26,1011.12,78.01,434.97
11.47,43.67,1012.68,72.51,475.72
29.51,75.6,1017.92,50.61,431.18
15.24,39.39,1013.01,74.24,469.79
22.71,75.23,1010.48,76.86,444
13.98,39.18,1009.61,89.12,467.97
17.89,40.12,1011.99,76.52,451.79
12.81,44.58,1016.49,80.76,475.5
15.54,41.96,1011.78,97.46,467.1
20.21,54.9,1016.82,66.56,454.23
6.17,36.25,1028.68,90.59,483.77
26.42,59.54,1007.02,76.28,438.5
14.6,44.47,1028.46,69.96,465.24
29.53,72.39,998.47,76.05,431.69
12.95,43.71,1025.63,90.7,469.15
13.26,40.83,1007.97,90.63,472.14
23.48,60.23,1011.91,79.48,437.44
10.16,41.55,1005.69,58.04,477.27
29.13,66.56,1006.63,52.85,439.31
10.8,41.74,1020.24,78.62,479.32
25.21,75.6,1017.19,69.84,445.84
20.72,44.57,1008.96,72.57,449.76
26.17,59.92,1010.01,73.75,444.96
17.48,44.2,1018.89,61.51,457.15
29.67,73.67,1006.48,64.98,429.28
26.38,71.73,1010.04,69.45,431.66
12.08,41.39,1019.45,78.3,477.8
25.3,70.98,1007.22,95.1,440.86
16.55,39.64,1009.07,77.8,465.29
13.18,43.8,1023.18,61.21,467
21.34,51.61,1010.11,80.7,452
20.06,44.9,1008.79,70.06,448.51
8.26,39.42,1025.89,70.53,474.72
8.51,38.5,1013.33,64.28,482.39
8.83,36.25,1028.86,85.6,478.45
14.52,44.84,1023.51,88.51,466.88
7.87,43.02,1014.67,83.58,485.61
7.14,44.71,1019.98,71.9,487.71
7.49,36.08,1020.27,85.69,483.26
11.01,40.22,1011.13,83.09,476.69
20.74,58.2,1017.54,70.66,450.4
30.98,67.48,1009.96,58.92,439.39
26.67,70.94,1007.7,56.56,439.13
28.24,71.58,1010.1,67.92,434.01
11.98,39.35,1014.97,98.05,472.43
30.91,69.75,1010.23,59.36,435.7
23.23,63.31,1012.52,75.1,441.5
30.13,78.05,1010.99,61.5,434.14
20.79,65.59,1014.9,77,450.3
14.38,45.09,1012.95,86.1,464.27
10.07,40.46,1018.65,69.2,470.99
10.48,41.38,1021.97,65.22,481.41
6.86,41.17,1020.12,79.14,490.23
13.25,41.62,1010.8,77.81,457.64
26.92,51.43,1012.29,59.33,437.35
12.76,40.27,1006.58,49.34,474.03
30.2,73.67,1006.31,62.14,428.72
10.72,41.38,1021.6,63.77,478.29
17.39,46.21,1013.94,82.73,454.06
30.97,67.69,1005.61,50.88,425.35
28.16,71.94,1007.69,68.17,430.46
28.84,73.03,1013.99,76.05,435.75
24.48,64.45,1014.69,51.43,452.82
11.23,39.72,1018.46,60.62,475.04
13.52,42.07,1017.91,90.21,464.07
16.61,45.87,1009.34,97.93,455.86
20.96,61.27,1019.99,67.32,448.77
32.15,69.98,1013.3,55.13,429.86
21.24,44.57,1008.72,72.57,447.03
26.49,78.92,1010.82,83.42,434.91
24.01,65.46,1014.17,43.02,443.81
33.15,70.4,1003.72,53.98,430.15
20.13,40.33,1005.31,85.42,460.09
21.41,62.39,1007.84,88.83,452.8
31.35,70.8,1010.11,66.37,432.19
27.44,58.9,1003.86,66.74,442.19
25.21,51.43,1006.43,78.55,439.01
32.06,75.33,1001.96,63.15,432.92
25.04,51.95,1005.56,66.53,449.45
13.31,40.1,1014.81,82.11,468.74
29.68,64.33,1011.2,57.73,441.79
13.46,44.71,1014.51,50,474.6
18.77,49.39,1021.06,82.95,454.53
13.56,39.18,1023.4,63.82,470.38
20.65,66.51,1014.94,71.83,456.49
26.5,66.05,1017.03,61.34,440.15
23.67,72.24,1011.22,90.45,435.94
8.64,41.66,1014.14,80.44,481.89
20.2,50.9,1011.72,77.63,454.09
5.04,40.64,1021.35,93.63,484.42
23.59,59.43,1009.96,65.8,440.61
17.47,58.16,1016.36,82.26,456.97
6.02,43.65,1013.85,83.53,481.92
30.05,56.9,1007.02,41.96,437.55
29.23,68.14,1004.31,81.46,428.87
26.03,64.44,1012.75,62.24,445.89
26.38,49.5,1012.82,37.19,457.81
5.66,40.62,1015.87,84.97,485.18
27.65,48.41,1008.54,58.25,440.94
17.88,46.97,1013.73,67.78,456.77
11.2,37.5,1013.81,72.81,472.2
20.94,58.16,1016.88,65.43,455.16
20.64,49.21,1014.86,58.47,454.2
19.21,60.07,1014.94,70.02,452.84
13.22,44.92,1023.84,87.99,471.43
33.6,77.17,1009.01,47.53,430.32
27.83,59.57,1011.22,71.05,443.85
21.11,58.49,1011.6,80.44,449.16
30.47,77.3,1002.13,63.7,434.68
15.48,47.83,1004.88,81.68,463.67
20.25,44.78,1007.93,40.16,462.44
15.87,39.31,1009.95,66.78,460.59
22.57,62.4,1009.77,86.05,444.69
12.67,48.14,1017.41,83.63,463.68
21.41,54.2,1011.37,82.28,448.11
30.86,70.32,1011.88,62.68,433.71
23.64,60.95,1014.92,64.91,447.86
5.52,42.85,1012.77,93.82,478.98
11.06,40.64,1021.47,96.16,479.13
24.41,56.9,1006.58,77.94,439.51
10.28,39.61,1020.43,69.09,478.34
14.67,71.14,1019.84,77.72,458.8
25.15,57.32,1012.41,41.84,440.1
21.5,44.58,1016.87,57.58,460.2
7.74,39.96,1025.78,95.81,475.23
21.31,42.8,1014.1,75.77,459.84
29.92,67.22,1014.09,50.62,444.78
4.15,39.9,1007.62,95.69,489.8
15.95,42.24,1017.71,69.32,465.35
25.01,66.56,1004.55,82.46,434.74
27.17,67.17,1006.76,81.59,431.73
28.14,43.21,1011.82,69.32,436.53
13.93,44.47,1025.35,81.54,469.25
25.83,70.47,1006.24,81.83,434.45
24.4,60.32,1016.5,70.96,447.73
26.35,69.48,1008.45,70.47,435.23
30.99,69.82,1009.41,50.84,437.46
25.82,57.19,1007.99,62.95,440.8
28.37,75.6,1017.48,55.19,439.25
29.28,74.33,1011.66,72.37,426.53
18.35,57.76,1019.64,77.94,458.41
16.69,46.18,1010.8,96.8,466.03
9.59,37.14,1013.8,72.85,474.74
10.11,39.35,1015.19,90.74,479.83
17.37,57.76,1016,86.59,456.4
20.92,49.15,1021.15,49.76,455.32
22.82,64.63,1020.78,66.73,449.34
23.55,51.95,1006,76.46,449.54
30.47,70.83,1010.91,46.94,444.39
13.16,40.71,1021.99,77.91,475.87
6.25,39.64,1010.98,83.45,483.43
16.98,53.16,1013.95,82.8,458.93
27.5,68.24,1010.38,73.44,430.9
24.39,63.21,1012.59,80.88,446.4
14.69,54.3,1018.01,73.4,462.63
26.31,72.39,1001.16,88.43,434.53
14.85,58.59,1014.04,89.85,454.62
21.95,59.43,1010.29,74.67,442.84
31.91,67.83,1008.76,53.22,425.28
16.2,65.46,1013.97,89.84,451.86
27.35,77.95,1012.14,74.14,431.72
8.73,41.26,1020.54,91.37,476.42
14.13,53.82,1016.72,64.85,467.08
13.18,40.24,1016.81,86.71,469.35
10.74,40.92,1021.74,94.97,466.77
6.28,43.02,1013.72,88.13,487.17
6.04,41.14,1027.92,87.12,481.37
16.78,58.95,1017.74,96.24,450.02
14.99,41.35,1004.56,98.9,466.85
26.26,65.06,1013.58,52.72,440.92
32.09,70.4,1003.73,55.65,434.64
22.88,63.91,1009.63,87.82,442.5
21.95,68.08,1012.91,69.36,443.93
26.65,63.78,1015.32,53.95,440.26
12.57,39.3,1019.57,72.44,473.67
15.67,41.1,1004.1,77.93,466.45
27.97,69.48,1010.4,57.24,432.18
13.76,45.87,1008.89,87.27,463.5
26.91,70.47,1007.55,72.59,434.24
25.18,71.98,1006.71,89.86,432.88
23.27,64.15,1020.98,71.18,452.26
23.2,73.17,1012,89.92,438.64
18.55,52.84,1004.45,86.82,450.23
7.23,41.22,1015.23,98.04,483.31
7.3,39.72,1020.85,77.83,485.1
13.93,39.64,1011.8,82.64,470.84
20.33,57.76,1016.47,75.35,450.25
32.2,72.29,1008.61,69.94,432.52
13.16,43.41,1016.43,79.47,465.6
27.26,73.18,1012.58,74.83,429.92
12.45,43.67,1013.61,91.34,474.27
12.04,40.23,1018.07,81.28,472.7
28.12,73.42,1011.49,80.16,435.46
27.21,67.45,1013.83,43.26,436.47
26.97,64.45,1009.43,53.96,443.75
26.99,72.99,1008,76.1,430.81
21.25,67.71,1006.9,55.76,444.98
30.33,68.67,1006,54.99,435.53
15.37,50.59,1019.02,98.2,463.35
25.8,44.57,1008,52.56,450.48
24.97,68.61,1011.08,58.94,447.83
15.98,39.64,1009.31,81.21,467.22
24.82,71.94,1010.5,64.67,438.69
21.32,45.01,1012.23,59.94,452.75
8.28,40.56,1023.29,79.44,486.4
27.22,67.9,1005.73,57.29,441.22
26.94,62.91,1011.68,41.3,449.1
18.86,46.48,1007.28,78.47,452
9.61,44.03,1008.3,91.36,473.54
26.2,65.18,1011.42,47.82,440.07
12.31,44.78,1011.15,77.34,468.29
16.48,48.92,1011.84,64.16,458.67
14.07,42.99,1007.57,96.05,468.87
25.19,63.94,1012.78,75.15,438.73
15.41,42.44,1012.6,86.74,472.28
13.16,43.71,1024.44,85.68,469.06
18.63,45.87,1007.98,79.9,453.79
16.94,50.59,1018.75,94.22,460.64
14.85,45.87,1009.37,84.65,462.67
24.56,63.21,1013.79,82.38,444.34
23.13,72.24,1010.92,92.3,437.67
26.84,71.94,1006.6,79.12,427.2
9.36,44.03,1010.3,87.2,474.68
30.19,64.79,1017.22,42.47,438.41
14.78,42.86,1015.32,84.75,471.17
18.6,68.28,1003.27,84.21,446.98
7.19,39.4,1011.45,90.65,483.04
29.15,73.42,1011.43,66.49,432.26
15.23,37.87,1020.17,85.02,464.02
9.19,41.01,1022.14,98.98,468.37
16.38,46.97,1013.6,73.67,459.87
18.23,60.95,1016.74,78.85,455.53
24.62,70.47,1010.55,72.71,435.88
5.72,39.33,1009.96,95.4,490.76
23.19,67.07,1005.67,65.19,442.45
13.21,40.56,1018.12,64.49,475.86
9.77,34.69,1027.72,74.98,477.51
30.82,70.36,1006.47,58.79,439.16
23.63,58.62,1016.45,69.97,445.51
24.66,48.78,1018.39,71.79,449.11
8.83,41.14,1025.37,94.36,474.51
14.79,46.48,1007.46,92.4,462.55
3.69,38.44,1016.74,82.87,490.78
24.03,66.54,1012.19,69.15,438.08
13.23,42.34,1018.02,97.49,462.21
25.79,67.17,1007.89,81.38,440.75
25.72,59.21,1012.37,66.62,437.72
11.8,41.54,1020,65.85,476.12
16.52,42.24,1017.51,67.65,469.13
23.51,63.78,1016.1,69.79,446.58
25.25,58.46,1015.54,70.76,444.05
19.82,58.16,1016.76,74.66,455.5
11.73,37.92,1008.24,65.13,472.04
27.96,73.42,1011.11,71.93,435.93
25.59,72.43,1007.88,82.98,432.49
22.61,59.87,1019.12,66.12,441.2
23.03,65.12,1016.29,69.8,447.84
26.38,44.89,1009.14,51.79,442.13
31.52,76.2,1008.31,57.35,435.31
20.36,60.1,1011.21,84.79,454.25
13.55,43.48,1016.08,67.25,464.33
25.44,61.25,1012.57,87.65,441.77
11.09,41.58,1020.99,91.09,464.81
25.36,60.07,1015.06,66.11,439.73
30.68,71.8,1010.81,61.4,435.4
25.48,60.29,1017.55,51.22,443.77
29.79,62.66,1008.5,48.51,440.27
8.37,39.99,1010.36,93.26,482.31
8.49,43.69,1016.93,85.63,483.62
26.85,74.16,1008.66,93.8,431.16
29.34,71.98,1005.19,75.19,428.24
21.11,58.12,1015.38,77.78,453.28
21.12,62.96,1020.83,69.96,454.65
15.03,35.71,1015.26,56.55,467.61
23.74,62.96,1019.65,63.39,449.48
32.96,69.75,1008.86,40.23,435.56
20.23,52.05,1012.15,47.49,457.57
22.46,58.33,1013.21,68.68,445.9
11.54,45,1022.77,80.79,482.34
24.62,68.31,1010.45,75.18,448.58
10.12,41.55,1005.78,62.34,475.46
15.67,38.62,1015.76,66.29,463.17
21.96,48.6,1004.87,76.27,446.56
11.82,41.54,1019.96,67.65,476.97
19.8,51.19,1008.25,91.98,446.66
22.32,64.27,1014.35,82.98,446.62
19.75,49.02,1009.38,92.89,446.63
25.48,65.12,1016.12,53.66,447.85
14.84,42.03,1017.47,79.27,466.2
21.38,49.21,1012.49,53.77,449.66
18.67,47.83,1005.12,82.97,454.47
26.27,58.33,1013.81,60.43,438.82
27.23,63.9,1014.3,47.19,443.61
20.87,63.31,1012.27,79.51,446.7
19.4,39.53,1007.96,63.38,457.17
21.97,65.61,1016.09,73.29,447.05
17.16,40.55,1000.26,72.21,461.58
13.62,42.34,1017.87,89.67,464.79
13.9,44,1025.1,87.17,466.24
9.45,39.04,1023.08,75.81,483.66
23.66,62.08,1022.42,64.13,447.06
26.91,70.02,1010.75,59.48,445.31
23.04,74.99,1005.44,92.86,437.65
26.93,67.07,1005.65,60.26,437.76
24.59,60.37,1005.31,76.81,438.09
34.63,74.33,1011.7,31.45,428.54
20.48,60.29,1017.16,72.1,455.51
26.55,60.23,1009.88,79.54,438.95
10.74,43.67,1011.75,80.1,477.32
12.28,43.67,1012.69,70.23,475.08
10.8,41.66,1013.79,81.96,475.51
26.26,71.73,1009.59,80.06,430.79
24.9,71.77,1006.24,85.25,427.77
28.41,74.16,1010.29,72.09,439.2
22.72,63.73,1012.63,82.14,448.56
33.4,69.98,1013.29,47.78,432.44
26.35,59.87,1013.24,73.63,447.26
24.58,49.02,1008.85,79.32,442.47
12.76,42.32,1015.35,78.18,466.15
9.64,39.85,1012.9,83.82,478.37
10.91,41.04,1026.57,74.24,469.53
12.27,41.17,1019.39,52.18,473.84
28.4,74.93,1013.65,48.6,442.23
11.04,45.51,1017.53,83.42,474.45
20.75,60.77,1017.91,86.06,448.58
21.31,69.05,1002.46,73.42,440.97
25.4,65.34,1013.11,53.93,445.82
25.95,65.61,1014.36,52.54,443.88
27.44,65.59,1010.76,68.67,441.08
18.42,58.95,1016.95,86.77,452.1
17.48,46.21,1014.02,80.78,455.35
13.87,49.83,1006.76,89.14,462.46
10.06,39.61,1020.87,74.01,476.92
23.21,62.44,1011.78,76.66,442.47
21.44,60.32,1015.2,81.1,448.84
26.73,68.84,1010.75,66.83,440.45
30.96,64.44,1013.63,49.64,437.61
14.6,44.84,1023.58,88.21,464.88
20.28,63.86,1016.04,74.66,447.26
15.47,38.73,1001.13,77.61,467.96
11.71,40.05,1014.49,86.09,471.49
25.77,68.08,1010.99,73.58,433.46
18.13,66.86,1012.9,78.84,454.85
11.2,35.76,1019.24,64.59,473.33
9.78,43.8,1022.25,69.64,477.22
23.85,74.22,1009.99,82.72,441.66
16.7,50.66,1014.86,94.87,457.74
28.41,66.91,1008.22,57.93,440.52
29.64,67.79,1009.99,51.23,440.74
24.39,71.85,1009.73,72.24,438.2
32.39,74.16,1008.53,61.09,431.17
31.56,66.44,1008.91,64.16,430.11
17.72,48.14,1013.26,65.09,457.44
30.85,67.45,1014.53,32.99,430.8
13.19,39.18,1023.67,66.78,469.62
33.79,69.05,1001.62,40.13,435.1
13.99,45,1023.83,77.92,472.55
24.78,57.19,1008.08,65.4,443.62
17.82,56.89,1014.24,77.73,453.83
24.9,67.25,1017.77,66.17,433.71
11.46,44.85,1014.3,63.24,475.33
28.68,70.32,1008.51,45.73,430.48
18.2,45.01,1013.82,68.14,452.21
23.5,50.78,1008.7,57.7,445.09
10.34,41.74,1020.07,79.17,480.84
15.64,38.28,1014.39,76.93,466.51
13.55,42.99,1007.58,97.55,470.82
26.18,68.08,1012.92,55.7,436.51
10.81,45,1023.45,85.89,482.63
28.09,65.27,1013.27,51.96,440
25.32,61.25,1011.56,80.1,436.67
29.23,72.99,1007.04,63.47,431
9,43.13,1020.25,81.32,481.09
17.29,52.72,1024.71,62.32,467.23
13.92,39.58,1012.5,80.28,465.67
30.15,72.51,1009.37,50.64,443.72
23.96,51.3,1011.81,71.81,451.11
17.34,44.06,1015.84,74.88,458.5
14.02,44.47,1028.02,68.97,465.93
29.12,74.87,1009.85,62.51,435.51
10.22,39.64,1010.72,63.05,477.22
27.74,74.78,1010.05,60.82,436.87
16.5,39.72,1003.05,65.99,459.06
20.46,59.21,1018.42,85.89,445.22
27.51,71.29,1009.43,76.92,430.42
13.1,49.83,1007.29,92.79,466.08
31.07,70.32,1011.74,65.91,436.16
10.79,43.56,1015.15,73.01,479.64
22.57,63.94,1013.49,81.61,443.58
33.63,70.4,1004.02,53.6,430.05
22.56,47.43,1006.72,54.82,448.65
20.65,41.67,1012.76,45.27,455.5
24.31,65.94,1011.5,61.61,442.69
25.61,47.43,1008.62,54.51,442.96
9.41,41.54,1019.48,82.19,481.59
6.61,36.24,1013.57,91.8,483.12
13.53,38.73,1004.86,85.38,472.46
10.2,41.46,1020.23,84.54,481.46
9.26,39.61,1021.18,84.58,480.38
12.02,43.69,1016.12,74.07,477.74
14.74,43.71,1024.35,81.53,465.49
8.35,43.79,1016.2,85.23,484.21
19.35,39.72,1002.5,51.24,455.29
26.74,69.89,1013.96,51.82,436.02
12.17,41.58,1013.89,88.98,463.03
13.91,39.35,1014.69,75.51,469.02
16.15,41.85,1016.54,81.58,466.56
28.31,50.05,1005.75,50.17,436.75
32.87,70.8,1009.54,59.85,433.1
29.48,73.21,1000.67,79.35,433.53
29.23,69.59,1009,71.41,437.95
7.71,40.71,1021.53,95.48,471.38
26,70.47,1009.61,74.66,435.05
31.41,74.16,1011.1,57.05,434.88
5.28,45.87,1008.25,97.88,479.91
10.19,44.63,1020.58,91.64,472.45
10.35,40.27,1005.09,92.42,477.8
13.72,54.3,1017.89,79.08,467.05
10.96,37.5,1013.46,79.54,471.05
19.36,39.54,1008.97,58.92,458.75
31.23,75.08,1004.93,46.19,439.14
32.77,71.32,1007.68,42.39,436.95
23.35,71.77,1005.99,90.79,434.6
24.99,51.43,1006.95,79.63,441.45
26.53,69.71,1009.88,76.26,446.17
18.62,65.48,1018.45,73.39,451.94
16.72,53.82,1015.46,66.9,458.25
21.07,67.07,1004.64,86.16,446.05
31.08,59.57,1010.76,60.49,442.88
22.85,60.08,1018.05,67.12,452.5
22.99,56.57,1013.93,78.77,445.44
11.12,44.92,1025.58,93.52,470.82
16.63,43.77,1012.25,75.09,458.66
28.85,59.27,1011.69,51.8,440.3
29.97,70.32,1007.44,53.26,428.42
30.73,69.89,1015,58.9,426.79
27.17,61.02,1011.38,65.32,437.06
30.15,69.88,1007.2,73.67,434.75
13.18,40.83,1007.67,95.44,472.36
28.44,69.84,1003.25,68.24,426.69
34.4,77.95,1009.83,57.86,430.87
23.1,60.08,1017.69,65.44,451.01
28.08,59.14,1016.16,58.08,438.83
30.92,80.18,1010.11,72.47,432.35
26.47,69.51,1009.51,65.02,433.89
7.97,39.04,1018.51,65.17,483.3
30.07,70.98,1007.74,75.68,437.55
20.31,69.94,1009.7,86.53,446.87
13.65,39.28,1012.97,79.64,471.91
24.1,60.29,1008.2,61.81,449.79
32.23,69.13,1000.61,55.1,426.9
17.69,44.34,1019.31,61.12,464.13
5.42,41.38,1020.77,86.02,491.38
32.89,73.68,1014.45,52.34,426.46
26.59,59.92,1009.97,70.09,438.22
28.74,71.14,1011.53,48.6,430.12
9,36.3,1027.11,75.89,480.31
18.5,46.93,1015,66.81,455.63
32.21,71.85,1008.25,58.09,429.15
18.31,46.21,1010.46,82.15,451.75
27.14,64.27,1012.71,54.4,441.68
26.22,49.82,1015.48,55.8,454.2
22.72,69.84,1005.96,83.9,436.7
10.63,42.28,1008.37,92.68,474.97
19.39,51.43,1011.06,94.35,456.25
26.85,73.77,1001.2,90.13,431.24
9.74,41.01,1019.12,98.39,465.8
16.34,42.28,1008.08,52.8,463.29
18.36,62.1,1019.9,79.09,453.5
8.03,37.8,1020.47,60.67,481.51
7.34,40.72,1023.01,80.08,483.92
28.17,72.43,1007.37,68.92,428.88
23.92,66.54,1009.93,62.37,441.9
12.17,40.6,1013.59,88.62,473.76
29.13,70.72,1009.61,67.49,436.9
26.09,60.29,1017.72,50.83,444.71
19.08,41.1,1001.96,62.77,458.94
20.5,51.19,1009,91.79,445.35
23,49.5,1014.15,66.68,454.44
26.08,70.32,1012.32,89,434.24
31.27,69.13,1009.45,57.01,425.48
25.69,73.18,1012.64,86.35,432.82
10.16,40.8,1028.13,86.39,477.49
30.49,70.32,1011.34,66.33,434.76
28.45,69.23,1013.07,39.46,436.96
22.04,58.05,1013.11,85.22,447.28
13.18,40.03,1017.75,82.29,470.88
31.41,76.09,1007.68,70.49,430.81
11.3,25.36,1008.66,96.18,471.19
24.22,68.51,1013.23,74.96,440.01
16.21,41.23,995.88,80,463.09
14.55,41.7,1018.58,80.8,454.14
15.04,41.35,1004.29,99.1,467.96
22.21,61.5,1008.34,76.22,445.77
30.16,73.17,1010.74,58.99,434.43
13.34,41.79,1011.48,86.66,461.12
21.18,70.02,1010.27,96.46,442.51
8.54,38.08,1019.75,71.24,478.31
12.2,39.72,1018.07,54.83,471.33
